Run semi-empirical minimization
 &qmmm
    qm_theory='AM1', grms_tol=0.0002,
  tight_p_conv=1, scfconv=1.d-10,   qmcharge=0,
 /
   6   C14      126.3360       72.3480       -1.3600 
   7    N3      126.4300       72.6230        0.1010 
   6   C15      125.0770       72.8430        0.7080 
   6     C      127.6300       72.7010        0.7810 
   8     O      127.6760       72.4430        1.9650 
   6    C1      128.9780       73.1110        0.1310 
   7     N      129.0060       73.5500       -1.2820 
   6    C2      129.5890       74.3110        0.8960 
   6   C16      129.3340       72.8200       -2.3850 
   6    C4      128.8090       75.0030       -1.3230 
   6    C3      129.3190       75.5470        0.0170 
   8    O3      129.2310       73.2900       -3.5010 
   7    N1      130.4680       76.4240       -0.1490 
   6    C5      128.3440       76.5320        0.6140 
   6    C6      130.2030       77.7040        0.1550 
   8    O2      127.2190       76.2800        1.0010 
   7    N2      128.9330       77.7520        0.6260 
   8    O1      130.9750       78.6330        0.0190 
   6    C7      128.2480       78.9910        1.0330 
   6    C8      129.0360       79.8580        1.9960 
   6    C9      129.3410       81.1210        1.6760 
   6   C13      129.4420       79.3730        3.1750 
   6   C10      130.0370       81.8860        2.5180 
   6   C12      130.1390       80.1360        4.0180 
   6   C11      130.4360       81.3940        3.6910 
   1  HC11        0.0010       82.0190        4.3780 
   1  HC12        0.4670       79.7310        4.9730 
   1  HC10        0.2770       82.9100        2.2460 
   1  HC13        0.2070       78.3480        3.4530 
   1  HC91      129.0240       81.5320        0.7200 
   1  HC71      127.2930       78.7390        1.5010 
   1  HC72      128.0240       79.5570        0.1240 
   1  HC41      127.7450       75.2160       -1.4510 
   1  HC42      129.3660       75.4460       -2.1530 
   1  HC21      129.1960       74.4330        1.9080 
   1  HC22      130.6660       74.1550        0.9830 
   1  HC11      129.6450       72.2570        0.2680 
   1  HC15        0.4220       72.0210        0.4250 
   1    H2        0.6860       73.7430        0.2240 
   1  HC14        0.7670       73.1970       -1.8820 
   1   HN1      131.3410       76.1070       -0.5430 
   1    H3        0.8900       71.4420       -1.6040 
   1  HC14        0.2910       72.2300       -1.6470 
   1  HC15        0.1340       72.9590        1.7900 
   6   C17      129.8380       71.3910       -2.2160 
   1  H171      130.0500       70.9620       -3.1960 
   1  H172      129.0760       70.7940       -1.7160 
   1  HC17        0.7480       71.3950       -1.6160 

