Run semi-empirical minimization
 &qmmm
    qm_theory='AM1', grms_tol=0.0002,
  tight_p_conv=1, scfconv=1.d-10,   qmcharge=0,
 /
   6    C6      110.0820       74.9740        0.0820 
   6    C5      110.8470       76.2700        0.3280 
   6    C8      113.2750       80.9040       -0.0160 
   8    O2      111.3990       76.4560        1.3980 
   7     N      110.8880       77.2250       -0.6500 
   7    N1      111.8790       80.7000        0.4290 
   6    C1      111.7420       78.4190       -0.4990 
   6    C2      110.2880       77.1440       -2.0000 
   6    C7      111.3730       81.9500        1.0130 
   6     C      111.1230       79.5760        0.2770 
   6    C3      108.9610       77.9090       -2.1270 
   8     O      109.9950       79.5140        0.7280 
   8    O1      108.6190       77.9190       -3.5280 
   6    C4      107.3390       78.4970       -3.8510 
   1  H1C4      107.2560       78.5790       -4.9380 
   1  H2C4      107.2640       79.4900       -3.4000 
   1  H3C4      106.5460       77.8490       -3.4650 
   1  H1C3      108.1690       77.4190       -1.5540 
   1  H2C3      109.0710       78.9420       -1.7850 
   1  H1C7      111.3410       81.8380        2.1000 
   1  H2C7      110.3720       82.1790        0.6380 
   1  H1C2      110.1220       76.1120       -2.3030 
   1  H2C2      110.9920       77.5590       -2.7270 
   1  H1C1      112.0440       78.8080       -1.4740 
   1  H2C1      112.6430       78.0990        0.0220 
   1  H1C8      113.2450       80.8540       -1.1060 
   1  H1C6      110.1060       74.7130       -0.9730 
   1  H2C6      109.0460       75.1040        0.3960 
   1  H3C6      110.5370       74.1710        0.6620 
   1  H2C8      113.6400       81.8780        0.3100 
   1  H3C8      113.9130       80.1130        0.3780 
   1  H3C7      112.0480       82.7660        0.7560 

