Run semi-empirical minimization
 &qmmm
    qm_theory='AM1', grms_tol=0.0002,
  tight_p_conv=1, scfconv=1.d-10,   qmcharge=0,
 /
   6   C17      115.9320       78.0920        0.0820 
   7    N3      115.1880       79.3230       -0.3000 
   6     C      114.2520       79.8640        0.5370 
   6   C18      115.4290       79.8040       -1.6910 
   6    C1      113.2750       80.9040       -0.0160 
   8     O      114.1620       79.5100        1.6990 
   6    C2      113.6970       82.3220        0.4230 
   7     N      111.8790       80.7000        0.4290 
   6   C16      111.7420       78.4190       -0.4990 
   6    C3      112.3680       83.0570        0.6310 
   6    C4      111.3730       81.9500        1.0130 
   6   C15      111.1230       79.5760        0.2770 
   6    C5      111.9310       83.8090       -0.6050 
   7    N1      112.4180       84.1630        1.5700 
   8    O4      109.9950       79.5140        0.7280 
   7    N2      111.7870       85.1170       -0.2820 
   8    O1      111.7280       83.3300       -1.7050 
   6    C6      112.0610       85.3400        1.0300 
   6    C7      111.3180       86.1220       -1.2590 
   8    O3      111.9970       86.3880        1.6400 
   6    C8      111.4600       87.5910       -0.9110 
   6    C9      112.6120       88.2360       -1.1140 
   6   C13      110.4330       88.2630       -0.3830 
   6   C10      112.7380       89.5260       -0.7950 
   6   C12      110.5570       89.5510       -0.0600 
   6   C11      111.7080       90.1990       -0.2610 
   8    O2      111.7600       91.5240        0.1010 
   6   C14      112.8860       92.3350       -0.3140 
   1  H141      113.8050       91.9500        0.1340 
   1  H142      112.7220       93.3600        0.0270 
   1  H143      112.9620       92.3200       -1.4050 
   1  H121      109.7070       90.0760        0.3720 
   1  H101      113.6970       90.0060       -0.9750 
   1  H131      109.4870       87.7580       -0.2070 
   1   H91      113.4630       87.7100       -1.5400 
   1   H71      110.2620       85.9120       -1.4530 
   1   H72      111.8520       85.9440       -2.1970 
   1   H41      111.3410       81.8380        2.1000 
   1   H42      110.3720       82.1790        0.6380 
   1  H163      112.0440       78.8080       -1.4740 
   1  H162      112.6430       78.0990        0.0220 
   1   H21      114.2440       82.2810        1.3700 
   1   H22      114.3340       82.8080       -0.3190 
   1    H1      113.2450       80.8540       -1.1060 
   1  H183      115.1790       80.8660       -1.7570 
   1  H181      114.7380       79.2670       -2.3450 
   1  H171      115.7650       77.8470        1.1330 
   1  H173      117.0000       78.2720       -0.0330 
   1   HN1      112.6610       84.0390        2.5420 
   1  H172      115.6240       77.2580       -0.5490 
   1  H182      116.4630       79.6290       -1.9900 
   1  H161      111.0360       77.5950       -0.6060 

