Run semi-empirical minimization
 &qmmm
    qm_theory='AM1', grms_tol=0.0002,
  tight_p_conv=1, scfconv=1.d-10,   qmcharge=0,
 /
   6    C8      159.3630      120.2310       -0.4630 
   7    N1      157.9000      120.1680       -0.2930 
   6    C9      157.3700      118.9460       -0.9320 
   6     C      157.1200      121.0710        0.3590 
   8     O      155.9200      120.9030        0.4330 
   6    C1      157.7730      122.2790        1.0200 
   7     N      157.1930      123.5560        0.5510 
   6    C6      155.9760      124.0000        0.9950 
   6    C2      158.0320      124.1950       -0.4920 
   6    C7      155.3040      125.1850        0.2980 
   8    O1      155.4340      123.4680        1.9450 
   6    C3      159.0090      125.2700        0.0560 
   6    C4      159.4290      126.2110       -1.0920 
   6    C5      160.2560      124.6600        0.7350 
   1   H51      159.9730      124.0700        1.6090 
   1   H52      160.9210      125.4560        1.0840 
   1   H53      160.8130      124.0250        0.0420 
   1   H41      160.1090      126.9860       -0.7300 
   1   H42      158.5520      126.7040       -1.5200 
   1   H43      159.9300      125.6520       -1.8860 
   1   H31      158.4980      125.8670        0.8110 
   1   H71      155.5760      125.1780       -0.7570 
   1   H21      157.3930      124.6470       -1.2510 
   1   H22      158.6110      123.4280       -1.0180 
   1   H11      157.6170      122.1820        2.0970 
   1   H12      158.8480      122.2700        0.8410 
   1   H91      156.5350      119.2060       -1.5850 
   1   H82      159.8620      120.3730        0.5000 
   1   H83      159.5930      121.0720       -1.1230 
   1   H81      159.7140      119.3060       -0.9200 
   1   H92      157.0270      118.2540       -0.1630 
   1   H93      158.1570      118.4730       -1.5200 
   1   H72      155.6400      126.1160        0.7550 
   1   H73      154.2220      125.1000        0.3960 

